%YAML:1.0
---
size: !!opencv-matrix
   rows: 2
   cols: 1
   dt: d
   data: [ 640., 480. ]
K: !!opencv-matrix
   rows: 3
   cols: 3
   dt: d
   data: [ 5.9030274236771618e+02, 0., 3.1778131869229560e+02, 0.,
       5.7962040328618457e+02, 2.2664153391352448e+02, 0., 0., 1. ]
D: !!opencv-matrix
   rows: 1
   cols: 5
   dt: d
   data: [ -7.0995982159584492e-01, 1.0273118794874831e+00,
       6.4729584472403524e-03, 1.6053182771565318e-02,
       -9.3422365729265899e-01 ]
