%YAML:1.0
---
size: !!opencv-matrix
   rows: 2
   cols: 1
   dt: d
   data: [ 640., 480. ]
K1: !!opencv-matrix
   rows: 3
   cols: 3
   dt: d
   data: [ 404.007357210662, 0., 306.669516090313, 0.,
       404.101532912286, 239.931342756431, 0., 0., 1. ]
D1: !!opencv-matrix
   rows: 1
   cols: 5
   dt: d
   data: [ -0.398906758409918, 0.204004605635836,
       -0.000293602477192985, -0.000571296837368212,
       -0.0557381638277628 ]
K2: !!opencv-matrix
   rows: 3
   cols: 3
   dt: d
   data: [ 402.341932124713, 0., 326.114639187132, 0.,
       402.667735030837, 232.494795708488, 0., 0., 1. ]
D2: !!opencv-matrix
   rows: 1
   cols: 5
   dt: d
   data: [ -0.40019576754904, 0.207233784287733,
       -0.000125579538886151, 0.00104688630485322,
       -0.0579188107056627 ]
R: !!opencv-matrix
   rows: 3
   cols: 3
   dt: d
   data: [ 0.999996259504644, 0.0010119895669098,
       0.00254103400959184, -0.00102701577218632,
       0.99998195460487, 0.00591909648733603,
       -0.00253499809173837, -0.00592168402898862,
       0.999979253506259 ]
T: !!opencv-matrix
   rows: 3
   cols: 1
   dt: d
   data: [ -125.711106451191, 0.0309264780520607,
       0.57624343712051 ]
E: !!opencv-matrix
   rows: 3
   cols: 3
   dt: d
   data: [ 5.134125356954594e-04, -0.576416175411150,
       0.027514995931567, 0.257563866720520,
       -0.743838298992142, 1.257099626406798e+02,
       0.098180926692654, -1.257088692418764e+02,
       -0.744174753846900 ]
F: !!opencv-matrix
   rows: 3
   cols: 3
   dt: d
   data: [ 3.158507389505361e-09, -3.545278561337091e-06,
       9.180419227267110e-04, 1.583247571706460e-06,
       -4.571315603058458e-06, 0.312804055636783,
       -1.261091860383922e-04, -0.308863412162057, 0.795011910361367 ]
R1: !!opencv-matrix
   rows: 3
   cols: 3
   dt: d
   data: [ 0.99999759615147276737, 0.00079311758588352526,
       -2.04417606163358190e-03, -0.00078706500870229245,
       9.9999530947088133281e-01, 2.95999407229560968e-03,
       2.04651409671909131e-03, -2.95837805746848028e-03,
       9.9999352986872913629e-01 ]
R2: !!opencv-matrix
   rows: 3
   cols: 3
   dt: d
   data: [ 9.999975962e-01, 7.931176e-04,
       -2.0441761e-03, 7.870650e-04,
       9.999953095e-01, 2.9599941e-03,
       2.0465141e-03, -2.9583781e-03,
       9.999935299e-01 ]
P1: !!opencv-matrix
   rows: 3
   cols: 4
   dt: d
   data: [ 402.66774, 0., 328.29485, 0., 0.,
       402.66774, 2.3249231e+02, 0., 0., 0., 1.,
       0. ]
P2: !!opencv-matrix
   rows: 3
   cols: 4
   dt: d
   data: [ 4.0266773503e+02, 0., 328.29484940,
       -5.062033984029e+04, 0., 402.66773503,
       2.3249230957e+02, 0., 0., 0., 1., 0. ]
Q: !!opencv-matrix
   rows: 4
   cols: 4
   dt: d
   data: [ 1., 0., 0., -328.29484940, 0., 1., 0.,
       -2.3249230957e+02, 0., 0., 0., 4.0266773503e+02, 0.,
       0., 0.00795466, 0. ]
