%YAML:1.0
---
size: !!opencv-matrix
   rows: 2
   cols: 1
   dt: d
   data: [ 640., 480. ]
K1: !!opencv-matrix
   rows: 3
   cols: 3
   dt: d
   data: [ 4.1817128415799340e+02, 0., 3.1000939479632370e+02, 0.,
       4.1786432268736684e+02, 2.3510122683503937e+02, 0., 0., 1. ]
D1: !!opencv-matrix
   rows: 1
   cols: 5
   dt: d
   data: [ -4.2431175673985233e-01, 2.6999658473668897e-01,
       9.6591935641590751e-04, -1.4362113848635475e-03,
       -1.0563099705713125e-01 ]
K2: !!opencv-matrix
   rows: 3
   cols: 3
   dt: d
   data: [ 5.9030274236771618e+02, 0., 3.1778131869229560e+02, 0.,
       5.7962040328618457e+02, 2.2664153391352448e+02, 0., 0., 1. ]
D2: !!opencv-matrix
   rows: 1
   cols: 5
   dt: d
   data: [ -7.0995982159584492e-01, 1.0273118794874831e+00,
       6.4729584472403524e-03, 1.6053182771565318e-02,
       -9.3422365729265899e-01 ]
R: !!opencv-matrix
   rows: 3
   cols: 3
   dt: d
   data: [ 9.9870250293102092e-01, 1.1232903674117673e-03,
       5.0912168074681900e-02, -1.0795103496426953e-03,
       9.9999902358667514e-01, -8.8740244614431412e-04,
       -5.0913115173982358e-02, 8.3129083171206905e-04,
       9.9870274038816675e-01 ]
T: !!opencv-matrix
   rows: 3
   cols: 1
   dt: d
   data: [ -1.3117055949412259e+02, 3.0328865389766917e+00,
       1.2999958292506383e+02 ]
E: !!opencv-matrix
   rows: 3
   cols: 3
   dt: d
   data: [ -1.4077806451700814e-02, -1.2999693478096538e+02,
       3.1443140456478469e+00, 1.2315260704429011e+02,
       2.5506816276527805e-01, 1.3761895784054869e+02,
       -2.8873514010394952e+00, -1.3117383822967514e+02,
       -3.8009753866618937e-02 ]
F: !!opencv-matrix
   rows: 3
   cols: 3
   dt: d
   data: [ -3.3994501750802898e-09, -3.1414179154980918e-05,
       7.7040732921248951e-03, 3.0286454558921913e-05,
       6.2774027622298426e-08, 4.7487910148018026e-03,
       -7.2746624273778400e-03, -8.7431476160488349e-03, 1. ]
R1: !!opencv-matrix
   rows: 3
   cols: 3
   dt: d
   data: [ 7.4510492886952384e-01, -1.6207780259153551e-02,
       -6.6675029271340625e-01, 1.5937195988538520e-02,
       9.9985189986613932e-01, -6.4949301839591937e-03,
       6.6675681530702391e-01, -5.7867255976575471e-03,
       7.4525288530034728e-01 ]
R2: !!opencv-matrix
   rows: 3
   cols: 3
   dt: d
   data: [ 7.1017424839832610e-01, -1.6420437075224042e-02,
       -7.0383443092685605e-01, 1.6708970554254517e-02,
       9.9983948284634028e-01, -6.4667491508360432e-03,
       7.0382764027486844e-01, -7.1678300636518243e-03,
       7.1033462184894869e-01 ]
P1: !!opencv-matrix
   rows: 3
   cols: 4
   dt: d
   data: [ 1.7532022446321648e+02, 0., 1.3787803826332092e+03, 0., 0.,
       1.7532022446321648e+02, 2.3095353507995605e+02, 0., 0., 0., 1.,
       0. ]
P2: !!opencv-matrix
   rows: 3
   cols: 4
   dt: d
   data: [ 1.7532022446321648e+02, 0., 1.3787803826332092e+03,
       -3.2381985104839619e+04, 0., 1.7532022446321648e+02,
       2.3095353507995605e+02, 0., 0., 0., 1., 0. ]
Q: !!opencv-matrix
   rows: 4
   cols: 4
   dt: d
   data: [ 1., 0., 0., -1.3787803826332092e+03, 0., 1., 0.,
       -2.3095353507995605e+02, 0., 0., 0., 1.7532022446321648e+02, 0.,
       0., 5.4141283771084858e-03, 0. ]
