%YAML:1.0
---
size: !!opencv-matrix
   rows: 2
   cols: 1
   dt: d
   data: [ 640., 480. ]
K: !!opencv-matrix
   rows: 3
   cols: 3
   dt: d
   data: [ 4.1817128415799340e+02, 0., 3.1000939479632370e+02, 0.,
       4.1786432268736684e+02, 2.3510122683503937e+02, 0., 0., 1. ]
D: !!opencv-matrix
   rows: 1
   cols: 5
   dt: d
   data: [ -4.2431175673985233e-01, 2.6999658473668897e-01,
       9.6591935641590751e-04, -1.4362113848635475e-03,
       -1.0563099705713125e-01 ]
